image_width: 2880
image_height: 1860
camera_name: camera3
camera_matrix:
  rows: 3
  cols: 3
  data: [ 2062.99884, 0.0, 1459.14083, 0.0, 2065.37118, 905.85628, 0.0, 0.0, 1.0 ]
distortion_model: plumb_bob
distortion_coefficients:
  rows: 1
  cols: 5
  data: [ -0.165124, 0.066415, -0.000182, -0.000551, 0.000000 ]
rectification_matrix:
  rows: 3
  cols: 3
  data: [ 1, 0, 0, 0, 1, 0, 0, 0, 1 ]
projection_matrix:
  rows: 3
  cols: 4
  data: [ 2062.99884, 0.0, 1459.14083, 0.0, 0.0, 2065.37118, 905.85628, 0.0, 0.0, 0.0, 1.0, 0.0 ]
