image_width: 2880
image_height: 1860
camera_name: camera_4
camera_matrix:
  rows: 3
  cols: 3
  data: [ 1418.31279, 0.0, 1435.06906, 0.0, 1417.66083, 925.29686, 0.0, 0.0, 1.0 ]
distortion_model: plumb_bob
distortion_coefficients:
  rows: 1
  cols: 5
  data: [ -0.283016, 0.055714, -0.000505, -0.000796, 0.000000 ]
rectification_matrix:
  rows: 3
  cols: 3
  data: [ 1, 0, 0, 0, 1, 0, 0, 0, 1 ]
projection_matrix:
  rows: 3
  cols: 4
  data: [ 1418.31279, 0.0, 1435.06906, 0.0, 0.0, 1417.66083, 925.29686, 0.0, 0.0, 0.0, 1.0, 0.0 ]